4
429912
0
0
erase 10,416479,425472,426525,458240,459293,491008,492048,523776,524807,543553
new 2,0,1024
new 2,1024,2048
new 2,2048,3072
new 2,3072,4096
new 2,4096,5120
new 2,5120,6144
new 2,6144,7168
new 2,7168,8192
new 2,8192,9216
new 2,9216,10240
new 2,10240,11264
new 2,11264,12288
new 2,12288,13312
new 2,13312,14336
new 2,14336,15360
new 2,15360,16384
new 2,16384,17408
new 2,17408,18432
new 2,18432,19456
new 2,19456,20480
new 2,20480,21504
new 2,21504,22528
new 2,22528,23552
new 2,23552,24576
new 2,24576,25600
new 2,25600,26624
new 2,26624,27648
new 2,27648,28672
new 2,28672,29696
new 2,29696,30720
new 2,30720,31744
new 2,31744,32768
new 2,32768,33792
new 2,33792,34816
new 2,34816,35840
new 2,35840,36864
new 2,36864,37888
new 2,37888,38912
new 2,38912,39936
new 2,39936,40960
new 2,40960,41984
new 2,41984,43008
new 2,43008,44032
new 2,44032,45056
new 2,45056,46080
new 2,46080,47104
new 2,47104,48128
new 2,48128,49152
new 2,49152,50176
new 2,50176,51200
new 2,51200,52224
new 2,52224,53248
new 2,53248,54272
new 2,54272,55296
new 2,55296,56320
new 2,56320,57344
new 2,57344,58368
new 2,58368,59392
new 2,59392,60416
new 2,60416,61440
new 2,61440,62464
new 2,62464,63488
new 2,63488,64512
new 2,64512,65536
new 2,65536,66560
new 2,66560,67584
new 2,67584,68608
new 2,68608,69632
new 2,69632,70656
new 2,70656,71680
new 2,71680,72704
new 2,72704,73728
new 2,73728,74752
new 2,74752,75776
new 2,75776,76800
new 2,76800,77824
new 2,77824,78848
new 2,78848,79872
new 2,79872,80896
new 2,80896,81920
new 2,81920,82944
new 2,82944,83968
new 2,83968,84992
new 2,84992,86016
new 2,86016,87040
new 2,87040,88064
new 2,88064,89088
new 2,89088,90112
new 2,90112,91136
new 2,91136,92160
new 2,92160,93184
new 2,93184,94208
new 2,94208,95232
new 2,95232,96256
new 2,96256,97280
new 2,97280,98304
new 2,98304,99328
new 2,99328,100352
new 2,100352,101376
new 2,101376,102400
new 2,102400,103424
new 2,103424,104448
new 2,104448,105472
new 2,105472,106496
new 2,106496,107520
new 2,107520,108544
new 2,108544,109568
new 2,109568,110592
new 2,110592,111616
new 2,111616,112640
new 2,112640,113664
new 2,113664,114688
new 2,114688,115712
new 2,115712,116736
new 2,116736,117760
new 2,117760,118784
new 2,118784,119808
new 2,119808,120832
new 2,120832,121856
new 2,121856,122880
new 2,122880,123904
new 2,123904,124928
new 2,124928,125952
new 2,125952,126976
new 2,126976,128000
new 2,128000,129024
new 2,129024,130048
new 2,130048,131072
new 2,131072,132096
new 2,132096,133120
new 2,133120,134144
new 2,134144,135168
new 2,135168,136192
new 2,136192,137216
new 2,137216,138240
new 2,138240,139264
new 2,139264,140288
new 2,140288,141312
new 2,141312,142336
new 2,142336,143360
new 2,143360,144384
new 2,144384,145408
new 2,145408,146432
new 2,146432,147456
new 2,147456,148480
new 2,148480,149504
new 2,149504,150528
new 2,150528,151552
new 2,151552,152576
new 2,152576,153600
new 2,153600,154624
new 2,154624,155648
new 2,155648,156672
new 2,156672,157696
new 2,157696,158720
new 2,158720,159744
new 2,159744,160768
new 2,160768,161792
new 2,161792,162816
new 2,162816,163840
new 2,163840,164864
new 2,164864,165888
new 2,165888,166912
new 2,166912,167936
new 2,167936,168960
new 2,168960,169984
new 2,169984,171008
new 2,171008,172032
new 2,172032,173056
new 2,173056,174080
new 2,174080,175104
new 2,175104,176128
new 2,176128,177152
new 2,177152,178176
new 2,178176,179200
new 2,179200,180224
new 2,180224,181248
new 2,181248,182272
new 2,182272,183296
new 2,183296,184320
new 2,184320,185344
new 2,185344,186368
new 2,186368,187392
new 2,187392,188416
new 2,188416,189440
new 2,189440,190464
new 2,190464,191488
new 2,191488,192512
new 2,192512,193536
new 2,193536,194560
new 2,194560,195584
new 2,195584,196608
new 2,196608,197632
new 2,197632,198656
new 2,198656,199680
new 2,199680,200704
new 2,200704,201728
new 2,201728,202752
new 2,202752,203776
new 2,203776,204800
new 2,204800,205824
new 2,205824,206848
new 2,206848,207872
new 2,207872,208896
new 2,208896,209920
new 2,209920,210944
new 2,210944,211968
new 2,211968,212992
new 2,212992,214016
new 2,214016,215040
new 2,215040,216064
new 2,216064,217088
new 2,217088,218112
new 2,218112,219136
new 2,219136,220160
new 2,220160,221184
new 2,221184,222208
new 2,222208,223232
new 2,223232,224256
new 2,224256,225280
new 2,225280,226304
new 2,226304,227328
new 2,227328,228352
new 2,228352,229376
new 2,229376,230400
new 2,230400,231424
new 2,231424,232448
new 2,232448,233472
new 2,233472,234496
new 2,234496,235520
new 2,235520,236544
new 2,236544,237568
new 2,237568,238592
new 2,238592,239616
new 2,239616,240640
new 2,240640,241664
new 2,241664,242688
new 2,242688,243712
new 2,243712,244736
new 2,244736,245760
new 2,245760,246784
new 2,246784,247808
new 2,247808,248832
new 2,248832,249856
new 2,249856,250880
new 2,250880,251904
new 2,251904,252928
new 2,252928,253952
new 2,253952,254976
new 2,254976,256000
new 2,256000,257024
new 2,257024,258048
new 2,258048,259072
new 2,259072,260096
new 2,260096,261120
new 2,261120,262144
new 2,262144,263168
new 2,263168,264192
new 2,264192,265216
new 2,265216,266240
new 2,266240,267264
new 2,267264,268288
new 2,268288,269312
new 2,269312,270336
new 2,270336,271360
new 2,271360,272384
new 2,272384,273408
new 2,273408,274432
new 2,274432,275456
new 2,275456,276480
new 2,276480,277504
new 2,277504,278528
new 2,278528,279552
new 2,279552,280576
new 2,280576,281600
new 2,281600,282624
new 2,282624,283648
new 2,283648,284672
new 2,284672,285696
new 2,285696,286720
new 2,286720,287744
new 2,287744,288768
new 2,288768,289792
new 2,289792,290816
new 2,290816,291840
new 2,291840,292864
new 2,292864,293888
new 2,293888,294912
new 2,294912,295936
new 2,295936,296960
new 2,296960,297984
new 2,297984,299008
new 2,299008,300032
new 2,300032,301056
new 2,301056,302080
new 2,302080,303104
new 2,303104,304128
new 2,304128,305152
new 2,305152,306176
new 2,306176,307200
new 2,307200,308224
new 2,308224,309248
new 2,309248,310272
new 2,310272,311296
new 2,311296,312320
new 2,312320,313344
new 2,313344,314368
new 2,314368,315392
new 2,315392,316416
new 2,316416,317440
new 2,317440,318464
new 2,318464,319488
new 2,319488,320512
new 2,320512,321536
new 2,321536,322560
new 2,322560,323584
new 2,323584,324608
new 2,324608,325632
new 2,325632,326656
new 2,326656,327680
new 2,327680,328704
new 2,328704,329728
new 2,329728,330752
new 2,330752,331776
new 2,331776,332800
new 2,332800,333824
new 2,333824,334848
new 2,334848,335872
new 2,335872,336896
new 2,336896,337920
new 2,337920,338944
new 2,338944,339968
new 2,339968,340992
new 2,340992,342016
new 2,342016,343040
new 2,343040,344064
new 2,344064,345088
new 2,345088,346112
new 2,346112,347136
new 2,347136,348160
new 2,348160,349184
new 2,349184,350208
new 2,350208,351232
new 2,351232,352256
new 2,352256,353280
new 2,353280,354304
new 2,354304,355328
new 2,355328,356352
new 2,356352,357376
new 2,357376,358400
new 2,358400,359424
new 2,359424,360448
new 2,360448,361472
new 2,361472,362496
new 2,362496,363520
new 2,363520,364544
new 2,364544,365568
new 2,365568,366592
new 2,366592,367616
new 2,367616,368640
new 2,368640,369664
new 2,369664,370688
new 2,370688,371712
new 2,371712,372736
new 2,372736,373760
new 2,373760,374784
new 2,374784,375808
new 2,375808,376832
new 2,376832,377856
new 2,377856,378880
new 2,378880,379904
new 2,379904,380928
new 2,380928,381952
new 2,381952,382976
new 2,382976,384000
new 2,384000,385024
new 2,385024,386048
new 2,386048,387072
new 2,387072,388096
new 2,388096,389120
new 2,389120,390144
new 2,390144,391168
new 2,391168,392192
new 2,392192,393216
new 2,393216,394240
new 2,394240,395264
new 2,395264,396288
new 2,396288,397312
new 2,397312,398336
new 2,398336,399360
new 2,399360,400384
new 2,400384,401408
new 2,401408,402432
new 2,402432,403456
new 2,403456,404480
new 2,404480,405504
new 2,405504,406528
new 2,406528,407552
new 2,407552,408576
new 2,408576,409600
new 2,409600,410624
new 2,410624,411648
new 2,411648,412672
new 2,412672,413696
new 2,413696,414720
new 2,414720,415744
new 14,415744,415967,425984,426013,458752,458781,491520,491536,524288,524291,524293,524295,544065,544787
new 2,544787,545811
new 2,545811,546835
new 2,546835,547859
new 2,547859,548883
new 2,548883,549907
new 2,549907,550931
new 2,550931,551955
new 4,551955,552688,552808,552809
zero 4,415967,416479,425472,425984
zero 4,426013,426525,458240,458752
zero 4,458781,459293,491008,491520
zero 4,491536,492048,523776,524288
zero 6,524291,524293,524295,524807,543553,544063
zero 4,544063,544065,552688,552808
