4
76033
0
0
erase 8,69208,97792,98851,130560,131614,163328,164355,196086
new 2,0,1024
new 2,1024,2048
new 2,2048,3072
new 2,3072,4096
new 2,4096,5120
new 2,5120,6144
new 2,6144,7168
new 2,7168,8192
new 2,8192,9216
new 2,9216,10240
new 2,10240,11264
new 2,11264,12288
new 2,12288,13312
new 2,13312,14336
new 2,14336,15360
new 2,15360,16384
new 2,16384,17408
new 2,17408,18432
new 2,18432,19456
new 2,19456,20480
new 2,20480,21504
new 2,21504,22528
new 2,22528,23552
new 2,23552,24576
new 2,24576,25600
new 2,25600,26624
new 2,26624,27648
new 2,27648,28672
new 2,28672,29696
new 2,29696,30720
new 2,30720,31744
new 2,31744,32768
new 2,32768,33792
new 2,33792,34816
new 2,34816,35840
new 2,35840,36864
new 2,36864,37888
new 2,37888,38912
new 2,38912,39936
new 2,39936,40960
new 2,40960,41984
new 2,41984,43008
new 2,43008,44032
new 2,44032,45056
new 2,45056,46080
new 2,46080,47104
new 2,47104,48128
new 2,48128,49152
new 2,49152,50176
new 2,50176,51200
new 2,51200,52224
new 2,52224,53248
new 2,53248,54272
new 2,54272,55296
new 2,55296,56320
new 2,56320,57344
new 2,57344,58368
new 2,58368,59392
new 2,59392,60416
new 2,60416,61440
new 2,61440,62464
new 2,62464,63488
new 2,63488,64512
new 2,64512,65536
new 2,65536,66560
new 2,66560,67584
new 2,67584,68608
new 12,68608,68696,98304,98339,131072,131077,131078,131102,163840,163843,196598,197467
new 2,197467,198491
new 2,198491,199515
new 4,199515,199716,199770,199771
zero 4,68696,69208,97792,98304
zero 4,98339,98851,130560,131072
zero 6,131077,131078,131102,131614,163328,163839
zero 6,163839,163840,163843,164355,196086,196597
zero 4,196597,196598,199716,199770
