4
313779
0
0
erase 10,302175,327169,328207,359937,360975,392704,393748,425472,426534,429254
new 2,0,1024
new 2,1024,2048
new 2,2048,3072
new 2,3072,4096
new 2,4096,5120
new 2,5120,6144
new 2,6144,7168
new 2,7168,8192
new 2,8192,9216
new 2,9216,10240
new 2,10240,11264
new 2,11264,12288
new 2,12288,13312
new 2,13312,14336
new 2,14336,15360
new 2,15360,16384
new 2,16384,17408
new 2,17408,18432
new 2,18432,19456
new 2,19456,20480
new 2,20480,21504
new 2,21504,22528
new 2,22528,23552
new 2,23552,24576
new 2,24576,25600
new 2,25600,26624
new 2,26624,27648
new 2,27648,28672
new 2,28672,29696
new 2,29696,30720
new 2,30720,31744
new 2,31744,32768
new 2,32768,33792
new 2,33792,34816
new 2,34816,35840
new 2,35840,36864
new 2,36864,37888
new 2,37888,38912
new 2,38912,39936
new 2,39936,40960
new 2,40960,41984
new 2,41984,43008
new 2,43008,44032
new 2,44032,45056
new 2,45056,46080
new 2,46080,47104
new 2,47104,48128
new 2,48128,49152
new 2,49152,50176
new 2,50176,51200
new 2,51200,52224
new 2,52224,53248
new 2,53248,54272
new 2,54272,55296
new 2,55296,56320
new 2,56320,57344
new 2,57344,58368
new 2,58368,59392
new 2,59392,60416
new 2,60416,61440
new 2,61440,62464
new 2,62464,63488
new 2,63488,64512
new 2,64512,65536
new 2,65536,66560
new 2,66560,67584
new 2,67584,68608
new 2,68608,69632
new 2,69632,70656
new 2,70656,71680
new 2,71680,72704
new 2,72704,73728
new 2,73728,74752
new 2,74752,75776
new 2,75776,76800
new 2,76800,77824
new 2,77824,78848
new 2,78848,79872
new 2,79872,80896
new 2,80896,81920
new 2,81920,82944
new 2,82944,83968
new 2,83968,84992
new 2,84992,86016
new 2,86016,87040
new 2,87040,88064
new 2,88064,89088
new 2,89088,90112
new 2,90112,91136
new 2,91136,92160
new 2,92160,93184
new 2,93184,94208
new 2,94208,95232
new 2,95232,96256
new 2,96256,97280
new 2,97280,98304
new 2,98304,99328
new 2,99328,100352
new 2,100352,101376
new 2,101376,102400
new 2,102400,103424
new 2,103424,104448
new 2,104448,105472
new 2,105472,106496
new 2,106496,107520
new 2,107520,108544
new 2,108544,109568
new 2,109568,110592
new 2,110592,111616
new 2,111616,112640
new 2,112640,113664
new 2,113664,114688
new 2,114688,115712
new 2,115712,116736
new 2,116736,117760
new 2,117760,118784
new 2,118784,119808
new 2,119808,120832
new 2,120832,121856
new 2,121856,122880
new 2,122880,123904
new 2,123904,124928
new 2,124928,125952
new 2,125952,126976
new 2,126976,128000
new 2,128000,129024
new 2,129024,130048
new 2,130048,131072
new 2,131072,132096
new 2,132096,133120
new 2,133120,134144
new 2,134144,135168
new 2,135168,136192
new 2,136192,137216
new 2,137216,138240
new 2,138240,139264
new 2,139264,140288
new 2,140288,141312
new 2,141312,142336
new 2,142336,143360
new 2,143360,144384
new 2,144384,145408
new 2,145408,146432
new 2,146432,147456
new 2,147456,148480
new 2,148480,149504
new 2,149504,150528
new 2,150528,151552
new 2,151552,152576
new 2,152576,153600
new 2,153600,154624
new 2,154624,155648
new 2,155648,156672
new 2,156672,157696
new 2,157696,158720
new 2,158720,159744
new 2,159744,160768
new 2,160768,161792
new 2,161792,162816
new 2,162816,163840
new 2,163840,164864
new 2,164864,165888
new 2,165888,166912
new 2,166912,167936
new 2,167936,168960
new 2,168960,169984
new 2,169984,171008
new 2,171008,172032
new 2,172032,173056
new 2,173056,174080
new 2,174080,175104
new 2,175104,176128
new 2,176128,177152
new 2,177152,178176
new 2,178176,179200
new 2,179200,180224
new 2,180224,181248
new 2,181248,182272
new 2,182272,183296
new 2,183296,184320
new 2,184320,185344
new 2,185344,186368
new 2,186368,187392
new 2,187392,188416
new 2,188416,189440
new 2,189440,190464
new 2,190464,191488
new 2,191488,192512
new 2,192512,193536
new 2,193536,194560
new 2,194560,195584
new 2,195584,196608
new 2,196608,197632
new 2,197632,198656
new 2,198656,199680
new 2,199680,200704
new 2,200704,201728
new 2,201728,202752
new 2,202752,203776
new 2,203776,204800
new 2,204800,205824
new 2,205824,206848
new 2,206848,207872
new 2,207872,208896
new 2,208896,209920
new 2,209920,210944
new 2,210944,211968
new 2,211968,212992
new 2,212992,214016
new 2,214016,215040
new 2,215040,216064
new 2,216064,217088
new 2,217088,218112
new 2,218112,219136
new 2,219136,220160
new 2,220160,221184
new 2,221184,222208
new 2,222208,223232
new 2,223232,224256
new 2,224256,225280
new 2,225280,226304
new 2,226304,227328
new 2,227328,228352
new 2,228352,229376
new 2,229376,230400
new 2,230400,231424
new 2,231424,232448
new 2,232448,233472
new 2,233472,234496
new 2,234496,235520
new 2,235520,236544
new 2,236544,237568
new 2,237568,238592
new 2,238592,239616
new 2,239616,240640
new 2,240640,241664
new 2,241664,242688
new 2,242688,243712
new 2,243712,244736
new 2,244736,245760
new 2,245760,246784
new 2,246784,247808
new 2,247808,248832
new 2,248832,249856
new 2,249856,250880
new 2,250880,251904
new 2,251904,252928
new 2,252928,253952
new 2,253952,254976
new 2,254976,256000
new 2,256000,257024
new 2,257024,258048
new 2,258048,259072
new 2,259072,260096
new 2,260096,261120
new 2,261120,262144
new 2,262144,263168
new 2,263168,264192
new 2,264192,265216
new 2,265216,266240
new 2,266240,267264
new 2,267264,268288
new 2,268288,269312
new 2,269312,270336
new 2,270336,271360
new 2,271360,272384
new 2,272384,273408
new 2,273408,274432
new 2,274432,275456
new 2,275456,276480
new 2,276480,277504
new 2,277504,278528
new 2,278528,279552
new 2,279552,280576
new 2,280576,281600
new 2,281600,282624
new 2,282624,283648
new 2,283648,284672
new 2,284672,285696
new 2,285696,286720
new 2,286720,287744
new 2,287744,288768
new 2,288768,289792
new 2,289792,290816
new 2,290816,291840
new 2,291840,292864
new 2,292864,293888
new 2,293888,294912
new 2,294912,295936
new 2,295936,296960
new 2,296960,297984
new 2,297984,299008
new 2,299008,300032
new 2,300032,301056
new 14,301056,301663,327681,327695,360449,360463,393216,393236,425984,425994,425999,426022,429766,430102
new 2,430102,431126
new 2,431126,432150
new 2,432150,433174
new 2,433174,434198
new 2,434198,435222
new 2,435222,436246
new 4,436246,436579,436675,436676
zero 4,301663,302175,327169,327681
zero 4,327695,328207,359937,360449
zero 4,360463,360975,392704,393216
zero 4,393236,393748,425472,425984
zero 6,425994,425999,426022,426534,429254,429761
zero 4,429761,429766,436579,436675
